53,2855
53,2854
53,2853
53,2950
53,2949
53,2948
53,2947
53,2946
53,2945
53,2944
53,2943
53,2942
53,2941
53,2940
53,2939
53,2938
53,2937
53,2936
53,2935
53,2934
53,2933
53,2932
53,2931
53,2930
53,2929
53,2928
53,2927
53,2926
53,184
53,183
53,182
53,181
53,180
53,179
53,178
53,177
53,176
53,175
53,174
53,173
53,172
53,171
53,170
53,169
53,168
53,167
53,166
53,165
53,164
53,163
53,162
53,161
53,160
53,159
53,158
53,157
53,156
53,155
53,154
53,153
53,152
53,151
53,150
53,149
53,148
53,147
53,146
53,145
53,144
53,143
53,142
53,141
53,140
53,139
53,138
53,137
53,136
53,135
53,134
53,133
53,132
53,131
53,130
53,129
53,128
53,127
53,126
53,125
53,124
53,123
53,122
53,121
53,120
53,119
53,118
53,117
53,116
53,115
53,114
53,113
53,112
53,111
53,110
53,109
53,108
53,107
53,106
53,105
53,104
53,103
53,102
53,101
53,100
53,99
53,98
53,97
53,96
53,95
53,94
53,93
53,92
53,91
53,90
53,89
53,88
53,87
53,86
53,85
53,84
53,83
53,82
53,81
53,80
53,79
53,78
53,77
53,76
53,75
53,74
53,73
53,72
53,71
53,70
53,69
53,68
53,67
53,66
53,65
53,64
53,36
53,35
53,34
53,33
53,32
53,31
53,30
53,29
53,28
53,27
53,26
53,25
53,24
53,23
53,22
53,21
53,20
53,19
53,18
53,17
53,16
53,15
53,14
53,13
53,12
53,11
53,10
53,9
53,8
53,7
53,6
53,5
53,4
53,3
53,2
53,1
53,0
52,8
52,5
52,4
52,3
52,2
52,1
52,0
51,5
51,4
51,3
51,2
51,1
51,0
32,64
32,36
32,35
32,34
32,33
32,32
32,31
32,30
32,29
32,28
32,27
32,26
32,25
32,24
32,23
32,22
32,21
32,20
32,19
32,18
32,17
32,16
32,15
32,14
32,13
32,12
32,11
32,10
32,9
32,8
32,7
32,6
32,5
32,4
32,3
32,2
32,1
32,0
31,4
31,3
31,2
31,1
31,0
29,6
29,5
29,4
29,3
29,2
29,1
29,0
26,3
26,2
26,1
26,0
20,3
20,2
20,1
20,0
7,3
5,3
4,3
3,2
2,2
1,2
0,9
53,185
53,186
53,189
53,191
53,194
53,196
53,199
53,202
53,204
53,207
53,208
53,211
53,215
53,216
53,219
53,221
53,224
53,226
53,229
53,232
53,234
53,237
53,238
53,242
53,245
53,246
53,249
53,251
53,254
53,256
53,259
53,262
53,264
53,267
53,269
53,272
53,275
53,276
53,280
53,281
53,284
53,286
53,289
53,292
53,294
53,297
53,299
53,302
53,305
53,307
53,310
53,311
53,314
53,318
53,319
53,322
53,324
53,327
53,329
53,332
53,335
53,337
53,340
53,341
53,345
53,348
53,349
53,353
53,354
53,357
53,359
53,362
53,365
53,367
53,370
53,372
53,375
53,378
53,379
53,383
53,384
53,387
53,389
53,392
53,395
53,397
53,400
53,402
53,405
53,408
53,410
53,413
53,414
53,418
53,421
53,422
53,425
53,427
53,430
53,432
53,435
53,438
53,440
53,443
53,444
53,448
53,451
53,452
53,456
53,457
53,460
53,462
53,465
53,468
53,470
53,473
53,475
53,478
53,481
53,483
53,486
53,487
53,490
53,492
53,495
53,498
53,500
53,503
53,505
53,508
53,511
53,513
53,516
53,517
53,521
53,522
53,525
53,528
53,530
53,533
53,535
53,538
53,541
53,543
53,546
53,547
53,551
53,554
53,555
53,559
53,560
53,563
53,565
53,568
53,571
53,573
53,576
53,578
53,581
53,584
53,586
53,589
53,590
53,593
53,595
53,598
53,601
53,603
53,606
53,608
53,611
53,614
53,616
53,619
53,620
53,624
53,625
53,628
53,632
53,633
53,636
53,638
53,641
53,644
53,646
53,649
53,651
53,654
53,657
53,658
53,662
53,663
53,666
53,668
53,671
53,674
53,676
53,679
53,681
53,684
53,687
53,689
53,692
53,693
53,697
53,698
53,701
53,704
53,706
53,709
53,711
53,714
53,717
53,719
53,722
53,723
53,727
53,728
53,731
53,735
53,736
53,739
53,741
53,744
53,747
53,749
53,752
53,754
53,757
53,758
53,761
53,765
53,766
53,769
53,771
53,774
53,777
53,779
53,782
53,784
53,787
53,790
53,792
53,795
53,796
53,800
53,801
53,804
53,807
53,809
53,812
53,814
53,817
53,820
53,822
53,825
53,826
53,830
53,831
53,834
53,838
53,839
53,842
53,844
53,847
53,850
53,852
53,855
53,857
53,860
53,861
53,865
53,868
53,869
53,872
53,874
53,877
53,880
53,882
53,885
53,887
53,890
53,893
53,895
53,898
53,899
53,903
53,904
53,907
53,910
53,912
53,915
53,917
53,920
53,923
53,925
53,928
53,930
53,933
53,934
53,937
53,941
53,942
53,945
53,947
53,950
53,953
53,955
53,958
53,960
53,963
53,964
53,968
53,971
53,972
53,975
53,977
53,980
53,983
53,985
53,988
53,990
53,993
53,996
53,998
53,1001
53,1002
53,1625
53,1626
53,1628
53,1630
53,1631
53,1633
53,1634
53,1636
53,1638
53,1639
53,1641
53,1642
53,1644
53,1645
53,1647
53,1649
53,1650
53,1652
53,1653
53,1655
53,1657
53,1658
53,1660
53,1661
53,1663
53,1664
53,1666
53,1668
53,1669
53,1671
53,1672
53,1674
53,1676
53,1677
53,1679
53,1680
53,1682
53,1683
53,1685
53,1687
53,1688
53,1690
53,1691
53,1693
53,1695
53,1696
53,1698
53,1699
53,1701
53,1703
53,1704
53,1706
53,1707
53,1709
53,1710
53,1712
53,1714
53,1715
53,1717
53,1718
53,1720
53,1722
53,1723
53,1725
53,1726
53,1728
53,1729
53,1731
53,1733
53,1734
53,1736
53,1737
53,1739
53,1741
53,1742
53,1744
53,1745
53,1747
53,1748
53,1750
53,1752
53,1753
53,1755
53,1756
53,1758
53,1760
53,1761
53,1763
53,1764
53,1766
53,1768
53,1769
53,1771
53,1772
53,1774
53,1775
53,1777
53,1779
53,1780
53,1782
53,1783
53,1785
53,1787
53,1788
53,1790
53,1791
53,1793
53,1794
53,1796
53,1798
53,1799
53,1801
53,1802
53,1804
53,1806
53,1807
53,1809
53,1810
53,1812
53,1813
53,1815
53,1817
53,1818
53,1820
53,1821
53,1823
53,1825
53,1826
53,1828
53,1829
53,1831
53,1832
53,1834
53,1836
53,1837
53,1839
53,1840
53,1842
53,1844
53,1845
53,1847
53,1848
53,1850
53,1852
53,1853
53,1855
53,1856
53,1858
53,1859
53,1861
53,1863
53,1864
53,1866
53,1867
53,1869
53,1871
53,1872
53,1874
53,1875
53,1877
53,1878
53,1880
53,1882
53,1883
53,1885
53,1886
53,1888
53,1890
53,1891
53,1893
53,1894
53,1896
53,1897
53,1899
53,1901
53,1902
53,1904
53,1905
53,1907
53,1909
53,1910
53,1912
53,1913
53,1915
53,1917
53,1918
53,1920
53,1921
53,1923
53,1924
53,1926
53,1928
53,1929
53,1931
53,1932
53,1934
53,1936
53,1937
53,1939
53,1940
53,1942
53,1943
53,1945
53,1947
53,1948
53,1950
53,1951
53,1953
53,1955
53,1956
53,1958
53,1959
53,1961
53,1962
53,1964
53,1966
53,1967
53,1969
53,1970
53,1972
53,1974
53,1975
53,1977
53,1978
53,1980
53,1981
53,1983
53,1985
53,1986
53,1988
53,1989
53,1991
53,1993
53,1994
53,1996
53,1997
53,1999
53,2001
53,2002
53,2004
53,2005
53,2007
53,2008
53,2010
53,2012
53,2013
53,2015
53,2016
53,2018
53,2020
53,2021
53,2023
53,2024
53,2026
53,2027
53,2029
53,2031
53,2032
53,2034
53,2035
53,2037
53,2039
53,2040
53,2042
53,2043
53,2045
53,2046
53,2048
53,2050
53,2051
53,2053
53,2054
53,2056
53,2058
53,2059
53,2061
53,2062
53,2064
53,2066
53,2067
53,2069
53,2070
53,2072
53,2073
53,2075
53,2077
53,2078
53,2080
53,2081
53,2083
53,2085
53,2086
53,2088
53,2089
53,2091
53,2092
53,2094
53,2096
53,2097
53,2099
53,2100
53,2102
53,2104
53,2105
53,2107
53,2108
53,2110
53,2111
53,2113
53,2115
53,2116
53,2118
53,2119
53,2121
53,2123
53,2124
53,2126
53,2127
53,2129
53,2131
53,2132
53,2134
53,2135
53,2137
53,2138
53,2140
53,2142
53,2143
53,2145
53,2146
53,2148
53,2150
53,2151
53,2153
53,2154
53,2156
53,2157
53,2159
53,2161
53,2162
53,2164
53,2165
53,2167
53,2169
53,2170
53,2172
53,2173
53,2175
53,2176
53,2178
53,2180
53,2181
53,2183
53,2184
53,2186
53,2188
53,2189
53,2191
53,2192
53,2194
53,2195
53,2197
53,2199
53,2200
53,2202
53,2203
53,2205
53,2207
53,2208
53,2210
53,2211
53,2213
53,2215
53,2216
53,2218
53,2219
53,2221
53,2222
53,2224
53,2226
53,2227
53,2229
53,2230
53,2232
53,2234
53,2235
53,2237
53,2238
53,2240
53,2241
53,2243
53,2245
53,2246
53,2248
53,2249
53,2251
53,2253
53,2254
53,2256
53,2257
53,2259
53,2260
53,2262
53,2264
53,2265
53,2267
53,2268
53,2270
53,2272
53,2273
53,2275
53,2276
53,2278
53,2280
53,2281
53,2283
53,2284
53,2286
53,2287
53,2289
53,2291
53,2292
53,2294
53,2295
53,2297
53,2299
53,2300
53,2302
53,2303
53,2305
53,2306
53,2308
53,2310
53,2311
53,2313
53,2314
53,2316
53,2318
53,2319
53,2321
53,2322
53,2324
53,2325
53,2327
53,2329
53,2330
53,2332
53,2333
53,2335
53,2337
53,2338
53,2340
53,2341
53,2343
53,2344
53,2346
53,2348
53,2349
53,2351
53,2352
53,2354
53,2356
53,2357
53,2359
53,2360
53,2362
53,2364
53,2365
53,2367
53,2368
53,2370
53,2371
53,2373
53,2375
53,2376
53,2378
53,2379
53,2381
53,2383
53,2384
53,2386
53,2387
53,2389
53,2390
53,2392
53,2394
53,2395
53,2397
53,2398
53,2400
53,2402
53,2403
53,2405
53,2406
53,2408
53,2409
53,2411
53,2413
53,2414
53,2416
53,2417
53,2419
53,2421
53,2422
53,2424
53,2425
53,2427
53,2429
53,2430
53,2432
53,2433
53,2435
53,2436
53,2438
53,2440
53,2441
53,2443
53,2444
53,2446
53,2448
53,2449
53,2451
53,2452
53,2454
53,2455
53,2457
53,2459
53,2460
53,2462
53,2463
53,2465
53,2467
53,2468
53,2470
53,2471
53,2473
53,2474
53,2476
53,2478
53,2479
53,2481
53,2482
53,2484
53,2486
53,2487
53,2489
53,2490
53,2492
53,2493
53,2495
53,2497
53,2498
53,2500
53,2501
53,2503
53,2505
53,2506
53,2508
53,2509
53,2511
53,2513
53,2514
53,2516
53,2517
53,2519
53,2520
53,2522
53,2524
53,2525
53,2527
53,2528
53,2530
53,2532
53,2533
53,2535
53,2536
53,2538
53,2539
53,2541
53,2543
53,2544
53,2546
53,2547
53,2549
53,2551
53,2552
53,2554
53,2555
53,2557
53,2558
53,2560
53,2562
53,2563
53,2565
53,2566
53,2568
53,2570
53,2571
53,2573
53,2574
53,2576
53,2578
53,2579
53,2581
53,2582
53,2584
53,2585
53,2587
53,2589
53,2590
53,2592
53,2593
53,2595
53,2597
53,2598
53,2600
53,2601
53,2603
53,2604
53,2606
53,2608
53,2609
53,2611
53,2612
53,2614
53,2616
53,2617
53,2619
53,2620
53,2622
53,2623
53,2625
53,2627
53,2628
53,2630
53,2631
53,2633
53,2635
53,2636
53,2638
53,2639
53,2641
53,2643
53,2644
53,2646
53,2647
53,2649
53,2650
53,2652
53,2654
53,2655
53,2657
53,2658
53,2660
53,2662
53,2663
53,2665
53,2666
53,2668
53,2669
53,2671
53,2673
53,2674
53,2676
53,2677
53,2679
53,2681
53,2682
53,2684
53,2685
53,2687
53,2688
53,2690
53,2692
53,2693
53,2695
53,2696
53,2698
53,2700
53,2701
53,2703
53,2704
53,2706
53,2707
53,2709
53,2711
53,2712
53,2714
53,2715
53,2717
53,2719
53,2720
53,2722
53,2723
53,2725
53,2727
53,2728
53,2730
53,2731
53,2733
53,2734
53,2736
53,2738
53,2739
53,2741
53,2742
53,2744
53,2746
53,2747
53,2749
53,2750
53,2752
53,2753
53,2755
53,2757
53,2758
53,2760
53,2761
53,2763
53,2765
53,2766
53,2768
53,2769
53,2771
53,2772
53,2774
53,2776
53,2777
53,2779
53,2780
53,2782
53,2784
53,2785
53,2787
53,2788
53,2790
53,2792
53,2793
53,2795
53,2796
53,2798
53,2799
53,2801
53,2803
53,2804
53,2806
53,2807
53,2809
53,2811
53,2812
53,2814
53,2815
53,2817
53,2818
53,2820
53,2822
53,2823
53,2825
53,2826
53,2828
53,2830
53,2831
53,2833
53,2834
53,2836
53,2837
53,2839
53,2841
53,2842
53,2844
53,2845
53,2847
53,2849
53,2850
53,2852
53,2880
53,2882
53,2883
53,2885
53,2887
53,2888
53,2890
53,2891
53,2893
53,2895
53,2896
53,2898
53,2899
53,2901
53,2903
53,2904
53,2906
53,2907
53,2909
53,2910
53,2912
53,2914
53,2915
53,2917
53,2918
53,2920
53,2922
53,2923
53,2925
53,255
53,190
53,193
53,198
53,203
53,206
53,212
53,214
53,220
53,225
53,228
53,233
53,236
53,241
53,244
53,250
53,258
53,260
53,266
53,268
53,274
53,279
53,282
53,287
53,290
53,296
53,301
53,304
53,309
53,312
53,317
53,320
53,325
53,331
53,333
53,339
53,342
53,347
53,352
53,355
53,361
53,363
53,369
53,371
53,377
53,382
53,385
53,390
53,393
53,399
53,404
53,407
53,412
53,415
53,420
53,423
53,428
53,434
53,436
53,442
53,445
53,450
53,455
53,458
53,464
53,466
53,472
53,474
53,480
53,485
53,488
53,493
53,496
53,501
53,507
53,510
53,515
53,518
53,523
53,529
53,531
53,537
53,539
53,545
53,548
53,553
53,558
53,561
53,566
53,569
53,575
53,580
53,583
53,588
53,591
53,596
53,599
53,604
53,610
53,613
53,618
53,621
53,626
53,631
53,634
53,640
53,642
53,648
53,650
53,656
53,661
53,664
53,669
53,672
53,678
53,683
53,686
53,691
53,694
53,699
53,705
53,707
53,713
53,715
53,721
53,724
53,729
53,734
53,737
53,743
53,745
53,751
53,756
53,759
53,764
53,767
53,772
53,775
53,780
53,786
53,789
53,794
53,797
53,802
53,808
53,810
53,835
53,837
53,843
53,845
53,851
53,856
53,859
53,864
53,867
53,873
53,878
53,881
53,886
53,889
53,894
53,900
53,902
53,813
53,816
53,821
53,824
53,829
53,911
53,913
53,919
53,921
53,927
53,932
53,935
53,940
53,943
53,948
53,951
53,957
53,962
53,965
53,970
53,973
53,978
53,984
53,986
53,992
53,994
53,1000
53,1003
53,1005
53,1007
53,1008
53,1010
53,1011
53,1013
53,1015
53,1016
53,1018
53,1019
53,1021
53,1022
53,1024
53,1026
53,1027
53,1029
53,1030
53,1032
53,1034
53,1035
53,1037
53,1038
53,1040
53,1042
53,1043
53,1045
53,1046
53,1048
53,1049
53,1051
53,1053
53,1054
53,1056
53,1057
53,1059
53,1061
53,1062
53,1064
53,1065
53,1067
53,1068
53,1070
53,1072
53,1073
53,1075
53,1076
53,1078
53,1080
53,1081
53,1083
53,1084
53,1086
53,1087
53,1089
53,1091
53,1092
53,1094
53,1095
53,1097
53,1099
53,1100
53,1102
53,1103
53,1105
53,1107
53,1108
53,1110
53,1111
53,1113
53,1114
53,1116
53,1118
53,1119
53,1121
53,1122
53,1124
53,1126
53,1127
53,1129
53,1130
53,1132
53,1133
53,1135
53,1137
53,1138
53,1140
53,1141
53,1143
53,1145
53,1146
53,1148
53,1149
53,1151
53,1152
53,1154
53,1156
53,1157
53,1159
53,1160
53,1162
53,1164
53,1165
53,1167
53,1168
53,1170
53,1171
53,1173
53,1175
53,1176
53,1178
53,1179
53,1181
53,1183
53,1184
53,1186
53,1187
53,1189
53,1191
53,1192
53,1194
53,1195
53,1197
53,1198
53,1200
53,1202
53,1203
53,1205
53,1206
53,1208
53,1210
53,1211
53,1213
53,1214
53,1216
53,1217
53,1219
53,1221
53,1222
53,1224
53,1225
53,1227
53,1229
53,1230
53,1232
53,1233
53,1235
53,1236
53,1238
53,1240
53,1241
53,1243
53,1244
53,1246
53,1248
53,1249
53,1251
53,1252
53,1254
53,1256
53,1257
53,1259
53,1260
53,1262
53,1263
53,1265
53,1267
53,1268
53,1270
53,1271
53,1273
53,1275
53,1276
53,1278
53,1279
53,1281
53,1282
53,1284
53,1286
53,1287
53,1289
53,1290
53,1292
53,1294
53,1295
53,1297
53,1298
53,1300
53,1301
53,1303
53,1305
53,1306
53,1308
53,1309
53,1311
53,1313
53,1314
53,1316
53,1317
53,1319
53,1320
53,1322
53,1324
53,1325
53,1327
53,1328
53,1330
53,1332
53,1333
53,1335
53,1336
53,1338
53,1340
53,1341
53,1343
53,1344
53,1346
53,1347
53,1349
53,1351
53,1352
53,1354
53,1355
53,1357
53,1359
53,1360
53,1362
53,1363
53,1365
53,1408
53,1410
53,1412
53,1413
53,1415
53,1416
53,1418
53,1420
53,1421
53,1423
53,1424
53,1426
53,1427
53,1429
53,1431
53,1432
53,1434
53,1435
53,1437
53,1439
53,1440
53,1442
53,1443
53,1445
53,1447
53,1448
53,1450
53,1451
53,1453
53,1454
53,1456
53,1458
53,1459
53,1461
53,1462
53,1464
53,1466
53,1467
53,1469
53,1470
53,1472
53,1473
53,1475
53,1477
53,1478
53,1378
53,1379
53,1367
53,1369
53,1370
53,1372
53,1373
53,1375
53,1376
53,1381
53,1383
53,1384
53,1386
53,1387
53,1389
53,1391
53,1392
53,1394
53,1395
53,1397
53,1399
53,1400
53,1402
53,1403
53,1405
53,1406
53,1479
53,1481
53,1482
53,1484
53,1485
53,1487
53,1489
53,1490
53,1492
53,1493
53,1495
53,1496
53,1498
53,1500
53,1501
53,1503
53,1504
53,1506
53,1508
53,1509
53,1511
53,1512
53,1514
53,1515
53,1517
53,1519
53,1520
53,1522
53,1523
53,1525
53,1527
53,1528
53,1541
53,1542
53,1530
53,1531
53,1533
53,1535
53,1536
53,1538
53,1539
53,1544
53,1546
53,1547
53,1549
53,1550
53,1552
53,1554
53,1555
53,1557
53,1558
53,1571
53,1572
53,1560
53,1573
53,1574
53,1563
53,1564
53,1566
53,1568
53,1569
53,1576
53,1577
53,1579
53,1580
53,1582
53,1584
53,1585
53,1587
53,1588
53,1590
53,1592
53,1593
53,1595
53,1596
53,1598
53,1599
53,1601
53,1603
53,1604
53,1606
53,1607
53,1609
53,1611
53,1612
53,1614
53,1615
53,1617
53,1619
53,1620
53,1622
53,1623
53,1621
53,1618
53,1616
53,1613
53,1610
53,1608
53,1605
53,1602
53,1600
53,1597
53,1594
53,1591
53,1589
53,1586
53,1583
53,1581
53,1578
53,1575
53,1567
53,1565
53,1562
53,1561
53,1559
53,1570
53,1556
53,1553
53,1551
53,1548
53,1545
53,1540
53,1537
53,1534
53,1532
53,1543
53,1529
53,1526
53,1524
53,1521
53,1518
53,1516
53,1513
53,1510
53,1507
53,1505
53,1502
53,1499
53,1497
53,1494
53,1491
53,1488
53,1486
